 	0	1	2	3	4	5	6	7	8	9	10	11	12	13	14	
0	0|0	0|0	0|0	0|0	0|0	0|0	0|0	0|0	0|0	0|0	0|0	0|0	0|0	0|0	0|0	


1	0|0	0|0	0|0	0|0	0|0	0|0	0|0	0|0	0|0	0|0	0|20	0|20	0|20	0|0	0|0	


2	0|0	0|0	0|0	0|0	0|18	10|0	0|10	36|0	0|18	18|18	0|20	0|0	0|20	0|18	0|0	


3	0|0	0|0	0|0	0|0	0|0	0|20	30|30	100|20	38|0	20|0	0|0	0|20	0|20	0|0	0|0	


4	0|0	0|0	0|0	0|0	18|0	0|0	0|0	0|0	68|0	0|0	10|0	18|36	0|0	0|18	0|0	


5	0|0	0|0	0|0	0|0	0|36	20|40	0|0	1220|20	0|0	20|0	38|20	0|0	0|0	0|0	0|0	


6	0|0	0|0	0|0	0|0	100|18	1200|20	0|0	0|0	50|18	0|0	0|20	18|18	0|0	0|0	0|0	


7	0|0	0|0	0|0	0|0	0|18	20|20	0|0	120|20	18|38	0|20	0|0	0|0	0|0	0|0	0|0	


8	0|0	0|0	0|0	0|0	18|0	0|0	0|0	18|38	18|0	0|18	0|0	0|0	0|0	0|0	0|0	


9	0|0	0|0	0|0	0|0	0|0	0|0	0|0	0|0	0|18	0|0	0|0	0|0	0|0	0|0	0|0	


10	0|0	0|0	0|0	0|0	0|0	0|0	0|0	0|0	0|0	0|0	0|0	0|0	0|0	0|0	0|0	


11	0|0	0|0	0|0	0|0	0|0	0|0	0|0	0|0	0|0	0|0	0|0	0|0	0|0	0|0	0|0	


12	0|0	0|0	0|0	0|0	0|0	0|0	0|0	0|0	0|0	0|0	0|0	0|0	0|0	0|0	0|0	


13	0|0	0|0	0|0	0|0	0|0	0|0	0|0	0|0	0|0	0|0	0|0	0|0	0|0	0|0	0|0	


14	0|0	0|0	0|0	0|0	0|0	0|0	0|0	0|0	0|0	0|0	0|0	0|0	0|0	0|0	0|0	


1220,3244|40,746